tr = {}
tr[1] = [[0.7920792079207921, 0.801980198019802, 0.7722772277227723, 0.7920792079207921, 0.7920792079207921, 0.801980198019802], [0.7920792079207921, 0.7722772277227723, 0.7920792079207921, 0.801980198019802, 0.8118811881188119, 0.801980198019802], [0.7920792079207921, 0.7920792079207921, 0.7920792079207921, 0.8118811881188119, 0.8118811881188119, 0.8118811881188119], [0.7920792079207921, 0.7920792079207921, 0.801980198019802, 0.801980198019802, 0.8118811881188119, 0.801980198019802], [0.801980198019802, 0.7920792079207921, 0.8118811881188119, 0.8118811881188119, 0.801980198019802, 0.801980198019802], [0.801980198019802, 0.7920792079207921, 0.8118811881188119, 0.8118811881188119, 0.801980198019802, 0.801980198019802], [0.801980198019802, 0.7920792079207921, 0.8118811881188119, 0.8118811881188119, 0.801980198019802, 0.801980198019802]]

tr[2] = [[0.801980198019802, 0.8514851485148515, 0.8415841584158416, 0.8415841584158416, 0.8514851485148515, 0.8415841584158416], [0.8316831683168316, 0.8415841584158416, 0.8415841584158416, 0.8415841584158416, 0.8514851485148515, 0.8514851485148515], [0.8415841584158416, 0.8415841584158416, 0.8514851485148515, 0.8514851485148515, 0.8514851485148515, 0.8613861386138614], [0.8514851485148515, 0.8415841584158416, 0.8415841584158416, 0.8514851485148515, 0.8613861386138614, 0.8613861386138614], [0.8514851485148515, 0.8514851485148515, 0.8415841584158416, 0.8613861386138614, 0.8613861386138614, 0.8514851485148515], [0.8514851485148515, 0.8514851485148515, 0.8514851485148515, 0.8613861386138614, 0.8514851485148515, 0.8613861386138614], [0.8514851485148515, 0.8514851485148515, 0.8514851485148515, 0.8613861386138614, 0.8514851485148515, 0.8613861386138614]]

tr[3] = [[0.7920792079207921, 0.801980198019802, 0.7722772277227723, 0.7920792079207921, 0.7920792079207921, 0.801980198019802], [0.7920792079207921, 0.7722772277227723, 0.7920792079207921, 0.801980198019802, 0.8118811881188119, 0.801980198019802], [0.7920792079207921, 0.7920792079207921, 0.7920792079207921, 0.8118811881188119, 0.8118811881188119, 0.8118811881188119], [0.7920792079207921, 0.7920792079207921, 0.801980198019802, 0.801980198019802, 0.8118811881188119, 0.801980198019802], [0.801980198019802, 0.7920792079207921, 0.8118811881188119, 0.8118811881188119, 0.801980198019802, 0.801980198019802], [0.801980198019802, 0.7920792079207921, 0.8118811881188119, 0.8118811881188119, 0.801980198019802, 0.801980198019802], [0.801980198019802, 0.7920792079207921, 0.8118811881188119, 0.8118811881188119, 0.801980198019802, 0.801980198019802]]

tr[4] = [[0.7821782178217822, 0.7920792079207921, 0.7920792079207921, 0.8217821782178217, 0.8217821782178217, 0.8316831683168316], [0.7821782178217822, 0.7920792079207921, 0.8217821782178217, 0.8316831683168316, 0.8415841584158416, 0.8415841584158416], [0.7821782178217822, 0.7920792079207921, 0.8217821782178217, 0.8415841584158416, 0.8415841584158416, 0.8514851485148515], [0.7920792079207921, 0.8217821782178217, 0.8316831683168316, 0.8415841584158416, 0.8514851485148515, 0.8514851485148515], [0.7920792079207921, 0.8217821782178217, 0.8415841584158416, 0.8415841584158416, 0.8514851485148515, 0.8514851485148515], [0.7920792079207921, 0.8217821782178217, 0.8415841584158416, 0.8514851485148515, 0.8514851485148515, 0.8514851485148515], [0.801980198019802, 0.8217821782178217, 0.8415841584158416, 0.8514851485148515, 0.8514851485148515, 0.8514851485148515]]

tr[5] = [[0.801980198019802, 0.8514851485148515, 0.8415841584158416, 0.8415841584158416, 0.8514851485148515, 0.8415841584158416], [0.8316831683168316, 0.8415841584158416, 0.8415841584158416, 0.8415841584158416, 0.8514851485148515, 0.8514851485148515], [0.8415841584158416, 0.8415841584158416, 0.8514851485148515, 0.8514851485148515, 0.8514851485148515, 0.8613861386138614], [0.8514851485148515, 0.8415841584158416, 0.8415841584158416, 0.8514851485148515, 0.8613861386138614, 0.8613861386138614], [0.8514851485148515, 0.8514851485148515, 0.8415841584158416, 0.8613861386138614, 0.8613861386138614, 0.8514851485148515], [0.8514851485148515, 0.8514851485148515, 0.8514851485148515, 0.8613861386138614, 0.8514851485148515, 0.8613861386138614], [0.8514851485148515, 0.8514851485148515, 0.8514851485148515, 0.8613861386138614, 0.8514851485148515, 0.8613861386138614]]

tr[6] = [[0.7821782178217822, 0.7920792079207921, 0.7920792079207921, 0.8217821782178217, 0.8217821782178217, 0.8316831683168316], [0.7821782178217822, 0.7920792079207921, 0.8217821782178217, 0.8316831683168316, 0.8415841584158416, 0.8415841584158416], [0.7821782178217822, 0.7920792079207921, 0.8217821782178217, 0.8415841584158416, 0.8415841584158416, 0.8514851485148515], [0.7920792079207921, 0.8217821782178217, 0.8316831683168316, 0.8415841584158416, 0.8514851485148515, 0.8514851485148515], [0.7920792079207921, 0.8217821782178217, 0.8415841584158416, 0.8415841584158416, 0.8514851485148515, 0.8514851485148515], [0.7920792079207921, 0.8217821782178217, 0.8415841584158416, 0.8514851485148515, 0.8514851485148515, 0.8514851485148515], [0.801980198019802, 0.8217821782178217, 0.8415841584158416, 0.8514851485148515, 0.8514851485148515, 0.8514851485148515]]

answer = []

for j in range(len(tr[1])):
  temp = []
  for k in range(len(tr[1][j])):
    temp_num = 0
    for i in range(1,7):
      temp_num += tr[i][j][k]
    temp_num /= 6
    temp.append(temp_num)
  answer.append(temp)
x = 500
for i in answer:
  print("\\textbf{"+str(x)+"} & ", end="")
  x += 500
  for j in i:
    print(str(round(j, 4)) + " & ", end="")
  print("\\\\")
