permutacion: [2, 0, 1]
filas: [500, 1000, 1500, 2000, 2500, 3000, 3500]
columnas: [0.01, 0.05, 0.1, 0.2, 0.3, 0.4]


[[0.6510721247563352, 0.6627680311890838, 0.7056530214424951, 0.746588693957115, 0.746588693957115, 0.7504873294346979], [0.6510721247563352, 0.7056530214424951, 0.746588693957115, 0.7504873294346979, 0.7582846003898636, 0.7641325536062378], [0.6510721247563352, 0.7368421052631579, 0.746588693957115, 0.7582846003898636, 0.7680311890838206, 0.7699805068226121], [0.6549707602339181, 0.746588693957115, 0.7504873294346979, 0.7641325536062378, 0.7699805068226121, 0.7719298245614035], [0.6627680311890838, 0.7407407407407407, 0.7602339181286549, 0.7680311890838206, 0.7699805068226121, 0.7699805068226121], [0.6686159844054581, 0.746588693957115, 0.7582846003898636, 0.7699805068226121, 0.7680311890838206, 0.7699805068226121], [0.6978557504873294, 0.7504873294346979, 0.7621832358674464, 0.7680311890838206, 0.7699805068226121, 0.7699805068226121]]