permutacion: [0, 1, 2]
filas: [500, 1000, 1500, 2000, 2500, 3000, 3500]
columnas: [0.01, 0.05, 0.1, 0.2, 0.3, 0.4]


[[0.6509803921568628, 0.6529411764705882, 0.6941176470588235, 0.7372549019607844, 0.7450980392156863, 0.7568627450980392], [0.6509803921568628, 0.6941176470588235, 0.7372549019607844, 0.7568627450980392, 0.7666666666666667, 0.7627450980392156], [0.6509803921568628, 0.7235294117647059, 0.7450980392156863, 0.7666666666666667, 0.7607843137254902, 0.7686274509803922], [0.6509803921568628, 0.7372549019607844, 0.7568627450980392, 0.7627450980392156, 0.7686274509803922, 0.7686274509803922], [0.6529411764705882, 0.7470588235294118, 0.7647058823529411, 0.7647058823529411, 0.7686274509803922, 0.7745098039215687], [0.6627450980392157, 0.7450980392156863, 0.7666666666666667, 0.7666666666666667, 0.7745098039215687, 0.7725490196078432], [0.6725490196078432, 0.7509803921568627, 0.7647058823529411, 0.7686274509803922, 0.7745098039215687, 0.7725490196078432]]