permutacion: [2, 1, 0]
filas: [500, 1000, 1500, 2000, 2500, 3000, 3500]
columnas: [0.01, 0.05, 0.1, 0.2, 0.3, 0.4]


[[0.6510721247563352, 0.6510721247563352, 0.6881091617933723, 0.7387914230019493, 0.7660818713450293, 0.7816764132553606], [0.6510721247563352, 0.6881091617933723, 0.7387914230019493, 0.7816764132553606, 0.7816764132553606, 0.7777777777777778], [0.6510721247563352, 0.723196881091618, 0.7660818713450293, 0.7816764132553606, 0.7738791423001949, 0.7758284600389863], [0.6510721247563352, 0.7387914230019493, 0.7816764132553606, 0.7777777777777778, 0.7758284600389863, 0.7777777777777778], [0.6510721247563352, 0.7563352826510721, 0.7777777777777778, 0.7758284600389863, 0.7777777777777778, 0.7816764132553606], [0.6588693957115009, 0.7660818713450293, 0.7816764132553606, 0.7758284600389863, 0.7797270955165692, 0.783625730994152], [0.6627680311890838, 0.7738791423001949, 0.7777777777777778, 0.7777777777777778, 0.783625730994152, 0.783625730994152]]