permutacion: [2, 0, 1]
filas: [500, 1000, 1500, 2000, 2500, 3000, 3500]
columnas: [0.01, 0.05, 0.1, 0.2, 0.3, 0.4]


[[0.7920792079207921, 0.801980198019802, 0.8316831683168316, 0.8366336633663366, 0.8514851485148515, 0.8514851485148515], [0.7920792079207921, 0.8316831683168316, 0.8366336633663366, 0.8514851485148515, 0.8465346534653465, 0.8465346534653465], [0.7970297029702971, 0.8316831683168316, 0.8514851485148515, 0.8465346534653465, 0.8465346534653465, 0.8514851485148515], [0.801980198019802, 0.8366336633663366, 0.8514851485148515, 0.8465346534653465, 0.8514851485148515, 0.8514851485148515], [0.801980198019802, 0.8465346534653465, 0.8564356435643564, 0.8465346534653465, 0.8514851485148515, 0.8465346534653465], [0.8118811881188119, 0.8514851485148515, 0.8465346534653465, 0.8514851485148515, 0.8514851485148515, 0.8465346534653465], [0.8217821782178217, 0.8514851485148515, 0.8465346534653465, 0.8514851485148515, 0.8465346534653465, 0.8465346534653465]]