permutacion: [1, 2, 0]
filas: [500, 1000, 1500, 2000, 2500, 3000, 3500]
columnas: [0.01, 0.05, 0.1, 0.2, 0.3, 0.4]


[[0.7920792079207921, 0.806930693069307, 0.8168316831683168, 0.8366336633663366, 0.8465346534653465, 0.8514851485148515], [0.8118811881188119, 0.8168316831683168, 0.8366336633663366, 0.8514851485148515, 0.8564356435643564, 0.8564356435643564], [0.806930693069307, 0.8366336633663366, 0.8465346534653465, 0.8564356435643564, 0.8564356435643564, 0.8564356435643564], [0.806930693069307, 0.8366336633663366, 0.8514851485148515, 0.8564356435643564, 0.8564356435643564, 0.8613861386138614], [0.806930693069307, 0.8415841584158416, 0.8564356435643564, 0.8564356435643564, 0.8613861386138614, 0.8663366336633663], [0.806930693069307, 0.8465346534653465, 0.8564356435643564, 0.8564356435643564, 0.8663366336633663, 0.8663366336633663], [0.806930693069307, 0.8465346534653465, 0.8564356435643564, 0.8613861386138614, 0.8663366336633663, 0.8663366336633663]]