permutacion: [0, 1, 2]
filas: [500, 1000, 1500, 2000, 2500, 3000, 3500]
columnas: [0.01, 0.05, 0.1, 0.2, 0.3, 0.4]


[[0.8217821782178217, 0.8267326732673267, 0.8465346534653465, 0.8564356435643564, 0.8663366336633663, 0.8663366336633663], [0.8168316831683168, 0.8465346534653465, 0.8564356435643564, 0.8663366336633663, 0.8663366336633663, 0.8663366336633663], [0.8316831683168316, 0.8613861386138614, 0.8663366336633663, 0.8663366336633663, 0.8663366336633663, 0.8712871287128713], [0.8267326732673267, 0.8564356435643564, 0.8663366336633663, 0.8663366336633663, 0.8712871287128713, 0.8712871287128713], [0.8267326732673267, 0.8663366336633663, 0.8663366336633663, 0.8663366336633663, 0.8712871287128713, 0.8712871287128713], [0.8316831683168316, 0.8663366336633663, 0.8663366336633663, 0.8712871287128713, 0.8712871287128713, 0.8712871287128713], [0.8415841584158416, 0.8663366336633663, 0.8663366336633663, 0.8712871287128713, 0.8762376237623762, 0.8712871287128713]]